0.11871 3.6598e-07 -1.7352e-06 5.0217e-06 1.5626e-05 -0.050575 0.01146 -0.0026646 -0.0005339 -0.0016652
3.6598e-07 0.92651 -5.2357e-07 -5.9279e-07 6.9839e-07 -0.03251 -0.45872 0.012522 -0.0037757 -0.015063
-1.7352e-06 -5.2357e-07 0.14404 2.1455e-07 7.9628e-06 -0.002114 0.011902 -0.076928 -0.00070738 0.0053374
5.0217e-06 -5.9279e-07 2.1455e-07 0.0020997 2.3797e-06 -0.0034505 0.0054736 0.0037997 -0.0035688 -0.0069093
1.5626e-05 6.9839e-07 7.9628e-06 2.3797e-06 0.095142 -0.0027201 -0.0025447 -0.0053753 0.00062108 -0.066537
-0.050575 -0.03251 -0.002114 -0.0034505 -0.0027201 0 0 0 0 0
0.01146 -0.45872 0.011902 0.0054736 -0.0025447 0 0 0 0 0
-0.0026646 0.012522 -0.076928 0.0037997 -0.0053753 0 0 0 0 0
-0.0005339 -0.0037757 -0.00070738 -0.0035688 0.00062108 0 0 0 0 0
-0.0016652 -0.015063 0.0053374 -0.0069093 -0.066537 0 0 0 0 0
