0.067606 1.3572e-05 -4.0254e-05 -7.2711e-06 -3.391e-06 -0.31301 -0.05997 0.15991 0.001271 -0.037568
1.3572e-05 0.015719 -8.5589e-05 1.4436e-05 2.8895e-06 -0.17848 -0.028957 0.091963 -0.00084026 -0.13573
-4.0254e-05 -8.5589e-05 0.015408 -5.375e-06 -1.1318e-06 0.1155 0.012893 -0.064661 -0.00032607 0.053472
-7.2711e-06 1.4436e-05 -5.375e-06 0.0024209 2.8039e-08 0.00059548 0.0012726 0.0014494 -0.022216 -0.0020016
-3.391e-06 2.8895e-06 -1.1318e-06 2.8039e-08 0.85829 -0.15425 0.084687 0.033239 -0.0021594 -0.91507
-0.31301 -0.17848 0.1155 0.00059548 -0.15425 0 0 0 0 0
-0.05997 -0.028957 0.012893 0.0012726 0.084687 0 0 0 0 0
0.15991 0.091963 -0.064661 0.0014494 0.033239 0 0 0 0 0
0.001271 -0.00084026 -0.00032607 -0.022216 -0.0021594 0 0 0 0 0
-0.037568 -0.13573 0.053472 -0.0020016 -0.91507 0 0 0 0 0
