0.15323 0.0083477 -0.0044785 0.00016727 0.068433 -0.032366 -0.01624 -0.0014383 3.3565e-05 -0.012218
0.0083477 0.081861 0.085845 -0.0001167 0.046576 0.0019183 0.0098711 -0.0076406 -0.00021617 0.010864
-0.0044785 0.085845 0.36037 0.00067141 -0.0042722 0.014054 -0.040507 -0.042543 -7.672e-05 -0.0019507
0.00016727 -0.0001167 0.00067141 5.2157e-05 -0.00061745 -9.2652e-05 -0.00020629 -6.1293e-05 -4.3894e-06 2.9826e-05
0.068433 0.046576 -0.0042722 -0.00061745 0.10836 -0.014094 -0.013689 0.0014852 1.6903e-05 -0.012801
-0.032366 0.0019183 0.014054 -9.2652e-05 -0.014094 0.013073 0.0024713 -0.001257 -2.9416e-06 0.0038788
-0.01624 0.0098711 -0.040507 -0.00020629 -0.013689 0.0024713 0.075091 0.0079446 -0.00033523 0.030861
-0.0014383 -0.0076406 -0.042543 -6.1293e-05 0.0014852 -0.001257 0.0079446 0.0097228 -1.5704e-05 0.00047901
3.3565e-05 -0.00021617 -7.672e-05 -4.3894e-06 1.6903e-05 -2.9416e-06 -0.00033523 -1.5704e-05 2.5133e-05 -0.00018318
-0.012218 0.010864 -0.0019507 2.9826e-05 -0.012801 0.0038788 0.030861 0.00047901 -0.00018318 0.018446
