0.077156 0.020271 -0.064527 0.00027324 -0.023341 -0.016571 0.015403 0.0098797 7.7679e-05 -0.010539
0.020271 0.038579 -0.036233 0.00034319 -0.029695 0.00052183 0.01651 0.017036 8.1835e-05 -0.011455
-0.064527 -0.036233 0.40643 -9.6747e-05 0.0082482 0.028339 -0.018502 -0.073638 -3.028e-05 0.0039908
0.00027324 0.00034319 -9.6747e-05 2.3692e-05 -0.00031489 2.6009e-06 0.00019882 7.0086e-05 1.013e-06 -0.00013979
-0.023341 -0.029695 0.0082482 -0.00031489 0.027423 0.00086453 -0.016163 -0.0066947 -7.7834e-05 0.010576
-0.016571 0.00052183 0.028339 2.6009e-06 0.00086453 0.011858 0.0010315 -0.0060217 2.8478e-05 -0.0037072
0.015403 0.01651 -0.018502 0.00019882 -0.016163 0.0010315 0.016341 0.0019481 8.4558e-05 -0.011009
0.0098797 0.017036 -0.073638 7.0086e-05 -0.0066947 -0.0060217 0.0019481 0.025405 2.9892e-06 -0.00045247
7.7679e-05 8.1835e-05 -3.028e-05 1.013e-06 -7.7834e-05 2.8478e-05 8.4558e-05 2.9892e-06 2.0551e-05 -7.1529e-05
-0.010539 -0.011455 0.0039908 -0.00013979 0.010576 -0.0037072 -0.011009 -0.00045247 -7.1529e-05 0.0096779
