0.07358 -0.037542 0.027379 0.00025232 0.12023 -0.021098 -0.023621 -0.00025328 2.553e-05 -0.036788
-0.037542 0.055025 -0.032986 -0.0004247 -0.15235 0.0061532 0.042977 -0.0042634 -5.1426e-05 0.025677
0.027379 -0.032986 0.12026 0.00049253 0.1066 -0.0070482 -0.030655 -0.049614 -8.8348e-05 -0.026891
0.00025232 -0.0004247 0.00049253 2.9506e-05 0.0013354 -1.9181e-05 -0.00041568 -4.5087e-05 -1.7365e-06 -0.00015609
0.12023 -0.15235 0.1066 0.0013354 0.73936 -0.026532 -0.14984 0.021843 0.00029109 -0.20475
-0.021098 0.0061532 -0.0070482 -1.9181e-05 -0.026532 0.010499 0.00017781 0.0019832 1.2605e-05 0.014725
-0.023621 0.042977 -0.030655 -0.00041568 -0.14984 0.00017781 0.054852 -0.0047472 -0.00010238 0.017888
-0.00025328 -0.0042634 -0.049614 -4.5087e-05 0.021843 0.0019832 -0.0047472 0.030044 7.8842e-05 0.00064724
2.553e-05 -5.1426e-05 -8.8348e-05 -1.7365e-06 0.00029109 1.2605e-05 -0.00010238 7.8842e-05 2.1599e-05 -3.9121e-05
-0.036788 0.025677 -0.026891 -0.00015609 -0.20475 0.014725 0.017888 0.00064724 -3.9121e-05 0.089399
