0.00046902 0 -8.2111e-05 0 -0.00094031 0.0013914 -0.0014216 0.00021232 -2.3627e-05 -0.007484
0 2e-05 0 0 0 0 0 0 0 0
-8.2111e-05 0 3.5016e-05 0 0.00017195 -0.00025445 0.00025997 -3.8828e-05 4.3206e-06 0.0013686
0 0 0 2e-05 0 0 0 0 0 0
-0.00094031 0 0.00017195 0 0.0019891 -0.0029139 0.0029771 -0.00044464 4.9478e-05 0.015673
0.0013914 0 -0.00025445 0 -0.0029139 0.0043319 -0.0044055 0.00065796 -7.3216e-05 -0.023192
-0.0014216 0 0.00025997 0 0.0029771 -0.0044055 0.0045211 -0.00067224 7.4805e-05 0.023695
0.00021232 0 -3.8828e-05 0 -0.00044464 0.00065796 -0.00067224 0.0001204 -1.1172e-05 -0.0035389
-2.3627e-05 0 4.3206e-06 0 4.9478e-05 -7.3216e-05 7.4805e-05 -1.1172e-05 2.1243e-05 0.0003938
-0.007484 0 0.0013686 0 0.015673 -0.023192 0.023695 -0.0035389 0.0003938 0.12476
