0.0075638 -0.014591 -0.0033109 -0.00038346 -0.038295 -0.0036214 0.0009059 -0.0065397 0.00028575 0.014724
-0.014591 0.028241 0.0064038 0.00074168 0.074068 0.0070043 -0.0017521 0.012649 -0.00055269 -0.028478
-0.0033109 0.0064038 0.0014731 0.0001683 0.016807 0.0015894 -0.00039759 0.0028702 -0.00012541 -0.0064621
-0.00038346 0.00074168 0.0001683 3.9492e-05 0.0019466 0.00018408 -4.6048e-05 0.00033243 -1.4525e-05 -0.00074843
-0.038295 0.074068 0.016807 0.0019466 0.19442 0.018384 -0.0045986 0.033198 -0.0014506 -0.074742
-0.0036214 0.0070043 0.0015894 0.00018408 0.018384 0.0017585 -0.00043488 0.0031394 -0.00013718 -0.0070681
0.0009059 -0.0017521 -0.00039759 -4.6048e-05 -0.0045986 -0.00043488 0.00012878 -0.00078533 3.4315e-05 0.0017681
-0.0065397 0.012649 0.0028702 0.00033243 0.033198 0.0031394 -0.00078533 0.0056893 -0.00024772 -0.012764
0.00028575 -0.00055269 -0.00012541 -1.4525e-05 -0.0014506 -0.00013718 3.4315e-05 -0.00024772 3.0824e-05 0.00055772
0.014724 -0.028478 -0.0064621 -0.00074843 -0.074742 -0.0070681 0.0017681 -0.012764 0.00055772 0.028757
