0.057327 -0.03183 -0.017843 0.00048492 0.060849 0.018591 -0.017525 0.00043581 6.9762e-05 0.06089
-0.03183 0.018279 0.0097451 -0.00029267 -0.035518 -0.0088726 0.0084464 -0.0008006 6.0078e-06 -0.032015
-0.017843 0.0097451 0.0056342 -0.00014294 -0.018396 -0.0061385 0.0058249 -1.5132e-05 -3.8896e-05 -0.019558
0.00048492 -0.00029267 -0.00014294 2.5207e-05 0.00059109 0.00010646 -9.6322e-05 2.1564e-05 -1.7358e-06 0.00043243
0.060849 -0.035518 -0.018396 0.00059109 0.070028 0.01575 -0.014781 0.0019259 -8.0888e-05 0.058868
0.018591 -0.0088726 -0.0061385 0.00010646 0.01575 0.010047 -0.0089064 -0.0014711 0.00011059 0.023807
-0.017525 0.0084464 0.0058249 -9.6322e-05 -0.014781 -0.0089064 0.0082397 0.0011029 -0.00012124 -0.022639
0.00043581 -0.0008006 -1.5132e-05 2.1564e-05 0.0019259 -0.0014711 0.0011029 0.00068916 -2.7987e-05 -0.00099236
6.9762e-05 6.0078e-06 -3.8896e-05 -1.7358e-06 -8.0888e-05 0.00011059 -0.00012124 -2.7987e-05 2.5207e-05 0.00024577
0.06089 -0.032015 -0.019558 0.00043243 0.058868 0.023807 -0.022639 -0.00099236 0.00024577 0.070961
