0.097863 -0.020127 0.0086177 9.9247e-05 0.03155 0.00068997 0.0042005 -0.013258 7.122e-06 -0.0097459
-0.020127 0.030426 -0.0017729 9.287e-05 -0.0029443 -0.0018307 -0.0082898 0.0025739 -2.8129e-05 -0.0010085
0.0086177 -0.0017729 0.12138 0.00070261 0.011459 -0.0085724 0.0038288 -0.019527 -0.00021866 0.003252
9.9247e-05 9.287e-05 0.00070261 3.6593e-05 0.00017832 -0.00012393 -4.5802e-05 -6.3413e-05 -5.806e-06 -8.7422e-05
0.03155 -0.0029443 0.011459 0.00017832 0.059339 -0.0088904 -0.00024396 0.00053086 -3.8692e-05 -0.010784
0.00068997 -0.0018307 -0.0085724 -0.00012393 -0.0088904 0.013378 -0.0010232 -0.0063556 1.8887e-05 0.0015934
0.0042005 -0.0082898 0.0038288 -4.5802e-05 -0.00024396 -0.0010232 0.0046851 -0.00052164 2.1805e-05 0.0011553
-0.013258 0.0025739 -0.019527 -6.3413e-05 0.00053086 -0.0063556 -0.00052164 0.016138 0.00010166 9.8904e-05
7.122e-06 -2.8129e-05 -0.00021866 -5.806e-06 -3.8692e-05 1.8887e-05 2.1805e-05 0.00010166 2.5817e-05 3.2375e-05
-0.0097459 -0.0010085 0.003252 -8.7422e-05 -0.010784 0.0015934 0.0011553 9.8904e-05 3.2375e-05 0.0055611
