0.023061 0.00025622 0.0072528 -0.00028433 0.00061547 -0.0088867 -7.6901e-05 -0.00050952 4.7935e-05 -0.00060569
0.00025622 0.0056195 0.00025126 1.0998e-05 0.00019706 -0.00039371 -0.0035675 -0.00054247 -1.9845e-06 -0.0002211
0.0072528 0.00025126 0.0095393 -0.00022575 1.2447e-05 0.00049028 -0.00013736 -0.0036998 3.1219e-05 3.3239e-06
-0.00028433 1.0998e-05 -0.00022575 2.9136e-05 1.5198e-05 3.5916e-05 -8.5521e-06 6.0618e-05 -2.2855e-06 -1.4797e-05
0.00061547 0.00019706 1.2447e-05 1.5198e-05 0.0019604 -0.00048807 -0.0001168 -0.00011491 -1.1428e-06 -0.0017643
-0.0088867 -0.00039371 0.00049028 3.5916e-05 -0.00048807 0.005912 0.00020211 -0.00062459 -2.4203e-05 0.00047127
-7.6901e-05 -0.0035675 -0.00013736 -8.5521e-06 -0.0001168 0.00020211 0.0023422 0.00033753 1.3724e-06 0.00013343
-0.00050952 -0.00054247 -0.0036998 6.0618e-05 -0.00011491 -0.00062459 0.00033753 0.0025212 -2.0863e-05 9.0057e-05
4.7935e-05 -1.9845e-06 3.1219e-05 -2.2855e-06 -1.1428e-06 -2.4203e-05 1.3724e-06 -2.0863e-05 2.231e-05 1.0425e-06
-0.00060569 -0.0002211 3.3239e-06 -1.4797e-05 -0.0017643 0.00047127 0.00013343 9.0057e-05 1.0425e-06 0.0016323
