0.042649 0.0025001 0.034568 6.1634e-76 0.0081066 0.0031749 -0.0025001 -0.0054728 -6.1634e-76 0.050399
0.0025001 0.00081042 0.0032108 -4.6322e-77 -0.0048783 0.0010346 -0.00079042 -0.00076133 4.6322e-77 0.0033739
0.034568 0.0032108 0.030874 3.6621e-76 -0.0022729 0.0045498 -0.0032108 -0.0046863 -3.6621e-76 0.043303
6.1634e-76 -4.6322e-77 3.6621e-76 2e-05 6.0367e-75 3.368e-76 4.6322e-77 3.2003e-76 -5.3095e-77 -1.9189e-75
0.0081066 -0.0048783 -0.0022729 6.0367e-75 0.064969 0.0012957 0.0048783 0.0081213 -6.0367e-75 0.01751
0.0031749 0.0010346 0.0045498 3.368e-76 0.0012957 0.0050989 -0.0010346 0.0017429 -3.368e-76 0.010876
-0.0025001 -0.00079042 -0.0032108 4.6322e-77 0.0048783 -0.0010346 0.00081042 0.00076133 -4.6322e-77 -0.0033739
-0.0054728 -0.00076133 -0.0046863 3.2003e-76 0.0081213 0.0017429 0.00076133 0.0034133 -3.2003e-76 -0.0014996
-6.1634e-76 4.6322e-77 -3.6621e-76 -5.3095e-77 -6.0367e-75 -3.368e-76 -4.6322e-77 -3.2003e-76 2e-05 1.9189e-75
0.050399 0.0033739 0.043303 -1.9189e-75 0.01751 0.010876 -0.0033739 -0.0014996 1.9189e-75 0.075278
