0.0099786 0.0065967 0.012673 -3.3526e-56 -0.030025 0.003225 0.0071602 0.0014021 -0.00027402 -0.0017278
0.0065967 0.009309 0.016686 -2.1422e-56 -0.035529 -9.8486e-05 0.004439 -0.0026711 1.6368e-05 0.0072018
0.012673 0.016686 0.035024 -1.2668e-56 -0.074736 -0.00228 0.0064376 -0.005656 -2.2371e-06 0.015398
-3.3526e-56 -2.1422e-56 -1.2668e-56 2e-05 3.603e-56 -1.6854e-57 -1.9656e-56 -2.3192e-57 -1.7077e-58 -7.7307e-57
-0.030025 -0.035529 -0.074736 3.603e-56 0.16135 0.0028335 -0.016111 0.010067 0.00016994 -0.02866
0.003225 -9.8486e-05 -0.00228 -1.6854e-57 0.0028335 0.0043354 0.0034297 0.0036706 -0.00015192 -0.0086983
0.0071602 0.004439 0.0064376 -1.9656e-56 -0.016111 0.0034297 0.0067365 0.0013398 -0.00023631 -0.0019772
0.0014021 -0.0026711 -0.005656 -2.3192e-57 0.010067 0.0036706 0.0013398 0.0043473 -0.0001363 -0.010451
-0.00027402 1.6368e-05 -2.2371e-06 -1.7077e-58 0.00016994 -0.00015192 -0.00023631 -0.0001363 3.8166e-05 0.00025364
-0.0017278 0.0072018 0.015398 -7.7307e-57 -0.02866 -0.0086983 -0.0019772 -0.010451 0.00025364 0.025776
